1 23 23
2 42 42
3 60 60
4 78 78
5 96 96
6 113 113
7 129 129
8 144 144
9 159 159
10 173 173
11 187 187
12 201 201
13 215 215
14 228 228
15 240 240
16 252 252
17 264 264
18 275 275
19 286 286
20 297 297
21 307 307
22 317 317
23 327 327
24 337 337
25 347 347
26 356 356
27 365 365
28 374 374
29 382 382
30 390 390
31 398 398
32 406 406
33 414 414
34 421 421
35 428 428
36 434 434
37 440 440
38 445 445
39 450 450
40 455 455
41 460 460
42 465 465
43 469 469
44 473 473
45 477 477
46 481 481
47 484 484
48 487 487
49 489 489
50 491 491
51 493 493
52 494 494
53 495 495
54 496 496
55 497 497
56 498 498
57 500 500
58 502 502
59 503 503
60 503 503
61 503 503
62 503 503
63 503 503
64 503 503
65 503 503
66 504 504
67 504 504
68 504 504
69 503 504
70 502 504
71 502 504
72 501 504
73 500 504
74 499 504
75 498 504
76 497 504
77 496 504
78 496 504
79 495 504
80 496 504
81 498 504
82 500 504
83 500 504
84 500 504
85 500 504
86 500 504
87 500 504
88 500 504
89 499 504
90 499 504
91 498 504
92 498 504
93 499 504
94 500 504
95 499 504
96 499 504
97 500 504
98 500 504
99 502 504
100 503 504
101 502 504
102 501 504
103 500 504
104 499 504
105 499 504
106 498 504
107 497 504
108 497 504
109 497 504
110 496 504
111 495 504
112 494 504
113 493 504
114 493 504
115 492 504
116 493 504
117 494 504
118 494 504
119 494 504
120 494 504
121 493 504
122 494 504
123 493 504
124 493 504
125 493 504
126 493 504
127 493 504
128 493 504
129 493 504
130 493 504
131 493 504
132 493 504
133 492 504
134 493 504
135 493 504
136 493 504
137 493 504
138 494 504
139 495 504
140 495 504
141 495 504
142 495 504
143 495 504
144 495 504
145 495 504
146 495 504
147 495 504
148 495 504
149 494 504
150 495 504
151 496 504
152 496 504
153 496 504
154 497 504
155 497 504
156 498 504
157 498 504
158 498 504
159 497 504
160 498 504
161 497 504
162 496 504
163 496 504
164 496 504
165 496 504
166 495 504
167 494 504
168 493 504
169 493 504
170 493 504
171 493 504
172 493 504
173 493 504
174 493 504
175 493 504
176 493 504
177 494 504
178 494 504
179 496 504
180 497 504
181 498 504
182 499 504
183 500 504
184 500 504
185 501 504
186 503 504
187 504 504
188 505 505
189 505 505
190 506 506
191 506 506
192 506 506
193 506 506
194 506 506
195 506 506
196 507 507
197 507 507
198 507 507
199 509 509
200 509 509
201 510 510
202 510 510
203 511 511
204 511 511
205 512 512
206 514 514
207 513 514
208 514 514
209 514 514
210 513 514
211 513 514
212 513 514
213 513 514
214 513 514
215 513 514
216 513 514
217 513 514
218 513 514
219 512 514
220 512 514
221 511 514
222 511 514
223 512 514
224 512 514
225 512 514
226 512 514
227 511 514
228 512 514
229 513 514
230 513 514
231 514 514
232 515 515
233 515 515
234 516 516
235 515 516
236 514 516
237 513 516
238 513 516
239 512 516
240 512 516
241 512 516
242 511 516
243 511 516
244 512 516
245 512 516
246 514 516
247 515 516
248 516 516
249 517 517
250 517 517
251 516 517
252 515 517
253 514 517
254 513 517
255 512 517
256 511 517
257 511 517
258 511 517
259 511 517
260 512 517
261 512 517
262 511 517
263 510 517
264 509 517
265 508 517
266 507 517
267 506 517
268 506 517
269 505 517
270 504 517
271 504 517
272 505 517
273 505 517
274 505 517
275 505 517
276 505 517
277 504 517
278 504 517
279 503 517
280 503 517
281 504 517
282 504 517
283 504 517
284 504 517
285 507 517
286 506 517
287 506 517
288 505 517
289 504 517
290 504 517
291 505 517
292 504 517
293 504 517
294 504 517
295 503 517
296 503 517
297 504 517
298 504 517
299 504 517
300 504 517
301 503 517
302 502 517
303 502 517
304 501 517
305 501 517
306 501 517
307 501 517
308 501 517
309 500 517
310 499 517
311 499 517
312 498 517
313 497 517
314 496 517
315 495 517
316 494 517
317 494 517
318 494 517
319 494 517
320 494 517
321 494 517
322 497 517
323 497 517
324 497 517
325 498 517
326 500 517
327 500 517
328 500 517
329 501 517
330 501 517
331 502 517
332 503 517
333 503 517
334 502 517
335 502 517
336 503 517
337 504 517
338 504 517
339 504 517
340 504 517
341 503 517
342 502 517
343 502 517
344 501 517
345 501 517
346 501 517
347 500 517
348 500 517
349 500 517
350 500 517
351 499 517
352 499 517
353 498 517
354 497 517
355 496 517
356 495 517
357 494 517
358 494 517
359 495 517
360 496 517
361 496 517
362 496 517
363 495 517
364 494 517
365 493 517
366 494 517
367 494 517
368 493 517
369 492 517
370 491 517
371 491 517
372 491 517
373 491 517
374 492 517
375 492 517
376 495 517
377 494 517
378 493 517
379 493 517
380 493 517
381 493 517
382 493 517
383 493 517
384 493 517
385 492 517
386 492 517
387 492 517
388 491 517
389 491 517
390 491 517
391 491 517
392 490 517
393 490 517
394 491 517
395 492 517
396 493 517
397 494 517
398 495 517
399 496 517
400 496 517
401 498 517
402 499 517
403 500 517
404 500 517
405 501 517
406 501 517
407 501 517
408 502 517
409 503 517
410 504 517
411 504 517
412 504 517
413 506 517
414 506 517
415 506 517
416 506 517
417 506 517
418 507 517
419 507 517
420 506 517
421 505 517
422 504 517
423 503 517
424 502 517
425 502 517
426 503 517
427 503 517
428 502 517
429 502 517
430 503 517
431 503 517
432 504 517
433 504 517
434 504 517
435 504 517
436 505 517
437 505 517
438 505 517
439 505 517
440 505 517
441 506 517
442 506 517
443 506 517
444 506 517
445 505 517
446 504 517
447 503 517
448 502 517
449 501 517
450 501 517
451 501 517
452 501 517
453 502 517
454 502 517
455 502 517
456 501 517
457 502 517
458 503 517
459 503 517
460 503 517
461 502 517
462 501 517
463 500 517
464 499 517
465 500 517
466 500 517
467 501 517
468 501 517
469 502 517
470 502 517
471 503 517
472 503 517
473 503 517
474 504 517
475 504 517
476 505 517
477 505 517
478 507 517
479 507 517
480 507 517
481 507 517
482 506 517
483 506 517
484 505 517
485 506 517
486 505 517
487 506 517
488 507 517
489 507 517
490 507 517
491 509 517
492 509 517
493 509 517
494 509 517
495 510 517
496 510 517
497 510 517
498 510 517
499 512 517
500 513 517
501 513 517
502 513 517
503 513 517
504 513 517
505 514 517
506 515 517
507 514 517
508 513 517
509 513 517
510 512 517
511 513 517
512 513 517
513 513 517
514 513 517
515 512 517
516 512 517
517 511 517
518 510 517
519 510 517
520 510 517
521 509 517
522 511 517
523 510 517
524 510 517
525 510 517
526 511 517
527 512 517
528 511 517
529 510 517
530 510 517
531 510 517
532 510 517
533 511 517
534 511 517
535 511 517
536 511 517
537 511 517
538 510 517
539 509 517
540 508 517
541 508 517
542 508 517
543 508 517
544 509 517
545 510 517
546 510 517
547 509 517
548 508 517
549 507 517
550 507 517
551 506 517
552 505 517
553 505 517
554 505 517
555 504 517
556 503 517
557 502 517
558 501 517
559 500 517
560 499 517
561 499 517
562 499 517
563 500 517
564 500 517
565 501 517
566 501 517
567 501 517
568 503 517
569 503 517
570 503 517
571 503 517
572 504 517
573 504 517
574 505 517
575 505 517
576 505 517
577 505 517
578 506 517
579 506 517
580 506 517
581 506 517
582 506 517
583 506 517
584 506 517
585 506 517
586 507 517
587 507 517
588 506 517
589 507 517
590 507 517
591 507 517
592 507 517
593 506 517
594 505 517
595 504 517
596 504 517
597 503 517
598 502 517
599 501 517
600 501 517
601 500 517
602 500 517
603 501 517
604 500 517
605 499 517
606 500 517
607 499 517
608 500 517
609 500 517
610 501 517
611 501 517
612 500 517
613 499 517
614 499 517
615 499 517
616 499 517
617 498 517
618 499 517
619 500 517
620 502 517
621 503 517
622 503 517
623 502 517
624 502 517
625 502 517
626 502 517
627 501 517
628 501 517
629 501 517
630 501 517
631 502 517
632 502 517
633 502 517
634 502 517
635 502 517
636 503 517
637 504 517
638 504 517
639 503 517
640 502 517
641 502 517
642 501 517
643 501 517
644 502 517
645 502 517
646 502 517
647 504 517
648 505 517
649 505 517
650 505 517
651 505 517
652 505 517
653 505 517
654 504 517
655 503 517
656 503 517
657 502 517
658 503 517
659 504 517
660 504 517
661 504 517
662 504 517
663 504 517
664 504 517
665 503 517
666 504 517
667 505 517
668 505 517
669 505 517
670 505 517
671 504 517
672 504 517
673 505 517
674 506 517
675 507 517
676 508 517
677 508 517
678 508 517
679 508 517
680 508 517
681 508 517
682 507 517
683 506 517
684 505 517
685 504 517
686 503 517
687 502 517
688 502 517
689 502 517
690 502 517
691 503 517
692 503 517
693 503 517
694 503 517
695 504 517
696 505 517
697 506 517
698 506 517
699 506 517
700 507 517
701 507 517
702 506 517
703 506 517
704 505 517
705 505 517
706 504 517
707 503 517
708 503 517
709 502 517
710 501 517
711 501 517
712 501 517
713 500 517
714 501 517
715 501 517
716 501 517
717 501 517
718 501 517
719 500 517
720 500 517
721 499 517
722 499 517
723 499 517
724 500 517
725 501 517
726 502 517
727 503 517
728 503 517
729 502 517
730 502 517
731 501 517
732 501 517
733 500 517
734 501 517
735 501 517
736 500 517
737 500 517
738 501 517
739 501 517
740 501 517
741 502 517
742 501 517
743 503 517
744 504 517
745 503 517
746 504 517
747 504 517
748 505 517
749 505 517
750 505 517
751 505 517
752 505 517
753 506 517
754 506 517
755 505 517
756 504 517
757 504 517
758 503 517
759 504 517
760 504 517
761 504 517
762 503 517
763 503 517
764 502 517
765 501 517
766 501 517
767 502 517
768 502 517
769 502 517
770 503 517
771 503 517
772 502 517
773 501 517
774 500 517
775 500 517
776 500 517
777 499 517
778 499 517
779 499 517
780 498 517
781 497 517
782 497 517
783 496 517
784 496 517
785 496 517
786 495 517
787 494 517
788 495 517
789 496 517
790 498 517
791 498 517
792 498 517
793 499 517
794 499 517
795 501 517
796 501 517
797 500 517
798 500 517
799 500 517
800 501 517
801 501 517
802 501 517
803 501 517
804 502 517
805 502 517
806 502 517
807 503 517
808 504 517
809 504 517
810 503 517
811 503 517
812 503 517
813 502 517
814 501 517
815 500 517
816 499 517
817 498 517
818 499 517
819 499 517
820 500 517
821 501 517
822 501 517
823 502 517
824 502 517
825 502 517
826 501 517
827 501 517
828 501 517
829 500 517
830 500 517
831 500 517
832 500 517
833 500 517
834 501 517
835 502 517
836 503 517
837 504 517
838 504 517
839 504 517
840 504 517
841 505 517
842 506 517
843 505 517
844 504 517
845 504 517
846 506 517
847 506 517
848 506 517
849 505 517
850 504 517
851 504 517
852 504 517
853 505 517
854 505 517
855 507 517
856 507 517
857 506 517
858 505 517
859 505 517
860 504 517
861 503 517
862 502 517
863 502 517
864 502 517
865 502 517
866 502 517
867 502 517
868 502 517
869 502 517
870 503 517
871 502 517
872 501 517
873 501 517
874 501 517
875 501 517
876 501 517
877 501 517
878 501 517
879 500 517
880 500 517
881 501 517
882 502 517
883 501 517
884 500 517
885 499 517
886 501 517
887 501 517
888 501 517
889 501 517
890 501 517
891 501 517
892 501 517
893 501 517
894 501 517
895 500 517
896 500 517
897 500 517
898 499 517
899 498 517
900 497 517
901 496 517
902 496 517
903 495 517
904 496 517
905 496 517
906 496 517
907 497 517
908 497 517
909 498 517
910 498 517
911 498 517
912 498 517
913 498 517
914 498 517
915 497 517
916 496 517
917 495 517
918 494 517
919 495 517
920 495 517
921 496 517
922 496 517
923 497 517
924 497 517
925 498 517
926 498 517
927 498 517
928 499 517
929 499 517
930 499 517
931 501 517
932 501 517
933 501 517
934 502 517
935 502 517
936 501 517
937 502 517
938 503 517
939 502 517
940 502 517
941 502 517
942 502 517
943 503 517
944 503 517
945 502 517
946 502 517
947 502 517
948 504 517
949 503 517
950 505 517
951 504 517
952 505 517
953 504 517
954 505 517
955 504 517
956 503 517
957 503 517
958 503 517
959 503 517
960 504 517
961 503 517
962 503 517
963 502 517
964 502 517
965 502 517
966 501 517
967 500 517
968 499 517
969 498 517
970 499 517
971 498 517
972 498 517
973 498 517
974 499 517
975 498 517
976 498 517
977 498 517
978 497 517
979 497 517
980 497 517
981 497 517
982 497 517
983 497 517
984 499 517
985 499 517
986 499 517
987 499 517
988 499 517
989 499 517
990 500 517
991 501 517
992 501 517
993 502 517
994 501 517
995 500 517
996 500 517
997 500 517
998 499 517
999 498 517
1000 497 517
1001 497 517
1002 496 517
1003 495 517
1004 494 517
1005 494 517
1006 495 517
1007 496 517
1008 497 517
1009 498 517
1010 499 517
1011 499 517
1012 499 517
1013 499 517
1014 499 517
1015 498 517
1016 498 517
1017 497 517
1018 498 517
1019 498 517
1020 498 517
1021 497 517
1022 497 517
1023 497 517
1024 497 517
1025 497 517
1026 497 517
1027 498 517
1028 498 517
1029 499 517
1030 499 517
1031 499 517
1032 501 517
1033 502 517
1034 504 517
1035 504 517
1036 504 517
1037 504 517
1038 504 517
1039 503 517
1040 503 517
1041 504 517
1042 504 517
1043 504 517
1044 504 517
1045 504 517
1046 503 517
1047 502 517
1048 503 517
1049 503 517
1050 503 517
1051 504 517
1052 505 517
1053 505 517
1054 505 517
1055 504 517
1056 504 517
1057 504 517
1058 504 517
1059 504 517
1060 504 517
1061 503 517
1062 504 517
1063 504 517
1064 504 517
1065 503 517
1066 502 517
1067 502 517
1068 503 517
1069 502 517
1070 503 517
1071 504 517
1072 504 517
1073 504 517
1074 504 517
1075 505 517
1076 506 517
1077 507 517
1078 507 517
1079 507 517
1080 507 517
1081 507 517
1082 507 517
1083 507 517
1084 507 517
1085 507 517
1086 507 517
1087 508 517
1088 507 517
1089 507 517
1090 507 517
1091 506 517
1092 505 517
1093 504 517
1094 503 517
1095 503 517
1096 503 517
1097 503 517
1098 502 517
1099 501 517
1100 501 517
1101 501 517
1102 501 517
1103 502 517
1104 502 517
1105 501 517
1106 502 517
1107 502 517
1108 501 517
1109 500 517
1110 499 517
1111 498 517
1112 499 517
1113 499 517
1114 499 517
1115 498 517
1116 498 517
1117 497 517
1118 496 517
1119 497 517
1120 497 517
1121 497 517
1122 496 517
1123 495 517
1124 495 517
1125 495 517
1126 496 517
1127 496 517
1128 496 517
1129 497 517
1130 496 517
1131 496 517
1132 496 517
1133 497 517
1134 496 517
1135 496 517
1136 496 517
1137 495 517
1138 496 517
1139 497 517
1140 497 517
1141 497 517
1142 498 517
1143 499 517
1144 499 517
1145 501 517
1146 502 517
1147 502 517
1148 502 517
1149 502 517
1150 502 517
1151 502 517
1152 502 517
1153 502 517
1154 502 517
1155 503 517
1156 503 517
1157 504 517
1158 504 517
1159 504 517
1160 505 517
1161 505 517
1162 505 517
1163 505 517
1164 506 517
1165 506 517
1166 506 517
1167 505 517
1168 505 517
1169 504 517
1170 503 517
1171 502 517
1172 502 517
1173 501 517
1174 502 517
1175 502 517
1176 502 517
1177 501 517
1178 502 517
1179 503 517
1180 503 517
1181 503 517
1182 503 517
1183 503 517
1184 503 517
1185 503 517
1186 503 517
1187 503 517
1188 504 517
1189 504 517
1190 504 517
1191 506 517
1192 507 517
1193 507 517
1194 506 517
1195 505 517
1196 506 517
1197 506 517
1198 505 517
1199 504 517
1200 505 517
1201 504 517
1202 505 517
1203 505 517
1204 505 517
1205 504 517
1206 503 517
1207 504 517
1208 504 517
1209 507 517
1210 508 517
1211 508 517
1212 507 517
1213 506 517
1214 505 517
1215 504 517
1216 503 517
1217 504 517
1218 504 517
1219 504 517
1220 503 517
1221 504 517
1222 504 517
1223 504 517
1224 504 517
1225 504 517
1226 505 517
1227 505 517
1228 505 517
1229 504 517
1230 503 517
1231 503 517
1232 504 517
1233 505 517
1234 505 517
1235 505 517
1236 504 517
1237 505 517
1238 505 517
1239 504 517
1240 506 517
1241 506 517
1242 505 517
1243 504 517
1244 505 517
1245 505 517
1246 506 517
1247 507 517
1248 508 517
1249 508 517
1250 509 517
1251 509 517
1252 509 517
1253 510 517
1254 510 517
1255 509 517
1256 508 517
1257 507 517
1258 508 517
1259 508 517
1260 509 517
1261 510 517
1262 510 517
1263 511 517
1264 510 517
1265 511 517
1266 511 517
1267 511 517
1268 511 517
1269 511 517
1270 510 517
1271 510 517
1272 512 517
1273 512 517
1274 511 517
1275 512 517
1276 512 517
1277 512 517
1278 514 517
1279 513 517
1280 512 517
1281 513 517
1282 513 517
1283 512 517
1284 513 517
1285 513 517
1286 512 517
1287 511 517
1288 510 517
1289 510 517
1290 510 517
1291 509 517
1292 509 517
1293 509 517
1294 509 517
1295 508 517
1296 509 517
1297 509 517
1298 508 517
1299 507 517
1300 508 517
1301 507 517
1302 508 517
1303 509 517
1304 509 517
1305 509 517
1306 510 517
1307 510 517
1308 511 517
1309 510 517
1310 510 517
1311 510 517
1312 510 517
1313 510 517
1314 509 517
1315 509 517
1316 508 517
1317 507 517
1318 507 517
1319 508 517
1320 507 517
1321 506 517
1322 506 517
1323 505 517
1324 504 517
1325 504 517
1326 504 517
1327 504 517
1328 506 517
1329 507 517
1330 507 517
1331 507 517
1332 509 517
1333 509 517
1334 510 517
1335 510 517
1336 510 517
1337 510 517
1338 510 517
1339 510 517
1340 510 517
1341 510 517
1342 511 517
1343 511 517
1344 511 517
1345 510 517
1346 509 517
1347 509 517
1348 508 517
1349 507 517
1350 508 517
1351 508 517
1352 507 517
1353 508 517
1354 508 517
1355 507 517
1356 506 517
1357 504 517
1358 504 517
1359 504 517
1360 504 517
1361 504 517
1362 504 517
1363 503 517
1364 503 517
1365 505 517
1366 505 517
1367 506 517
1368 505 517
1369 504 517
1370 504 517
1371 503 517
1372 505 517
1373 505 517
1374 505 517
1375 505 517
1376 506 517
1377 506 517
1378 506 517
1379 505 517
1380 505 517
1381 504 517
1382 505 517
1383 506 517
1384 506 517
1385 506 517
1386 505 517
1387 504 517
1388 503 517
1389 503 517
1390 502 517
1391 501 517
1392 500 517
1393 499 517
1394 498 517
1395 498 517
1396 497 517
1397 497 517
1398 497 517
1399 497 517
1400 497 517
1401 496 517
1402 497 517
1403 497 517
1404 497 517
1405 496 517
1406 496 517
1407 496 517
1408 496 517
1409 496 517
1410 496 517
1411 496 517
1412 496 517
1413 496 517
1414 495 517
1415 494 517
1416 494 517
1417 495 517
1418 496 517
1419 497 517
1420 499 517
1421 499 517
1422 500 517
1423 500 517
1424 500 517
1425 500 517
1426 500 517
1427 501 517
1428 502 517
1429 501 517
1430 502 517
1431 502 517
1432 502 517
1433 502 517
1434 504 517
1435 503 517
1436 502 517
1437 502 517
1438 503 517
1439 504 517
1440 504 517
1441 503 517
1442 502 517
1443 501 517
1444 501 517
1445 500 517
1446 499 517
1447 498 517
1448 498 517
1449 498 517
1450 498 517
1451 498 517
1452 498 517
1453 497 517
1454 497 517
1455 497 517
1456 496 517
1457 495 517
1458 496 517
1459 496 517
1460 495 517
1461 493 517
1462 493 517
1463 494 517
1464 495 517
1465 495 517
1466 494 517
1467 493 517
1468 493 517
1469 493 517
1470 493 517
1471 493 517
1472 493 517
1473 493 517
1474 493 517
1475 493 517
1476 493 517
1477 493 517
1478 494 517
1479 495 517
1480 495 517
1481 496 517
1482 496 517
1483 496 517
1484 496 517
1485 497 517
1486 501 517
1487 501 517
1488 501 517
1489 502 517
1490 501 517
1491 501 517
1492 500 517
1493 500 517
1494 500 517
1495 500 517
1496 500 517
1497 499 517
1498 499 517
1499 499 517
1500 499 517
1501 500 517
1502 503 517
1503 503 517
1504 503 517
1505 504 517
1506 504 517
1507 505 517
1508 505 517
1509 505 517
1510 505 517
1511 505 517
1512 504 517
1513 505 517
1514 505 517
1515 506 517
1516 506 517
1517 506 517
1518 505 517
1519 504 517
1520 504 517
1521 505 517
1522 506 517
1523 507 517
1524 507 517
1525 507 517
1526 506 517
1527 506 517
1528 505 517
1529 506 517
1530 505 517
1531 504 517
1532 504 517
1533 503 517
1534 504 517
1535 504 517
1536 505 517
1537 505 517
1538 505 517
1539 504 517
1540 503 517
1541 503 517
1542 503 517
1543 502 517
1544 502 517
1545 503 517
1546 504 517
1547 504 517
1548 505 517
1549 505 517
1550 504 517
1551 505 517
1552 505 517
1553 505 517
1554 505 517
1555 505 517
1556 505 517
1557 505 517
1558 506 517
1559 506 517
1560 506 517
1561 506 517
1562 506 517
1563 506 517
1564 507 517
1565 508 517
1566 508 517
1567 507 517
1568 507 517
1569 508 517
1570 508 517
1571 508 517
1572 508 517
1573 508 517
1574 507 517
1575 507 517
1576 506 517
1577 507 517
1578 507 517
1579 507 517
1580 506 517
1581 505 517
1582 506 517
1583 505 517
1584 505 517
1585 504 517
1586 503 517
1587 503 517
1588 504 517
1589 504 517
1590 503 517
1591 502 517
1592 502 517
1593 502 517
1594 502 517
1595 503 517
1596 503 517
1597 503 517
1598 502 517
1599 501 517
1600 500 517
1601 500 517
1602 500 517
1603 500 517
1604 501 517
1605 501 517
1606 502 517
1607 502 517
1608 502 517
1609 502 517
1610 502 517
1611 502 517
1612 502 517
1613 502 517
1614 503 517
1615 505 517
1616 506 517
1617 507 517
1618 508 517
1619 508 517
1620 508 517
1621 508 517
1622 508 517
1623 508 517
1624 508 517
1625 508 517
1626 508 517
1627 509 517
1628 509 517
1629 509 517
1630 510 517
1631 512 517
1632 512 517
1633 512 517
1634 512 517
1635 512 517
1636 511 517
1637 510 517
1638 509 517
1639 510 517
1640 509 517
1641 508 517
1642 507 517
1643 508 517
1644 508 517
1645 507 517
1646 506 517
1647 505 517
1648 506 517
1649 506 517
1650 506 517
1651 506 517
1652 505 517
1653 507 517
1654 508 517
1655 508 517
1656 508 517
1657 507 517
1658 508 517
1659 508 517
1660 508 517
1661 510 517
1662 511 517
1663 512 517
1664 512 517
1665 512 517
1666 512 517
1667 512 517
1668 513 517
1669 513 517
1670 513 517
1671 513 517
1672 514 517
1673 513 517
1674 512 517
1675 512 517
1676 512 517
1677 513 517
1678 514 517
1679 514 517
1680 514 517
1681 514 517
1682 513 517
1683 513 517
1684 512 517
1685 511 517
1686 510 517
1687 509 517
1688 509 517
1689 508 517
1690 508 517
1691 508 517
1692 508 517
1693 507 517
1694 506 517
1695 506 517
1696 506 517
1697 506 517
1698 507 517
1699 507 517
1700 507 517
1701 507 517
1702 506 517
1703 505 517
1704 506 517
1705 509 517
1706 508 517
1707 508 517
1708 507 517
1709 506 517
1710 506 517
1711 506 517
1712 506 517
1713 505 517
1714 505 517
1715 504 517
1716 504 517
1717 504 517
1718 504 517
1719 504 517
1720 506 517
1721 506 517
1722 506 517
1723 507 517
1724 507 517
1725 506 517
1726 505 517
1727 504 517
1728 505 517
1729 508 517
1730 508 517
1731 507 517
1732 508 517
1733 508 517
1734 508 517
1735 507 517
1736 507 517
1737 507 517
1738 507 517
1739 507 517
1740 507 517
1741 506 517
1742 505 517
1743 505 517
1744 505 517
1745 505 517
1746 506 517
1747 505 517
1748 504 517
1749 503 517
1750 504 517
1751 504 517
1752 503 517
1753 504 517
1754 504 517
1755 504 517
1756 504 517
1757 504 517
1758 505 517
1759 506 517
1760 506 517
1761 507 517
1762 507 517
1763 507 517
1764 507 517
1765 507 517
1766 507 517
1767 507 517
1768 506 517
1769 505 517
1770 506 517
1771 505 517
1772 504 517
1773 505 517
1774 506 517
1775 506 517
1776 507 517
1777 506 517
1778 507 517
1779 508 517
1780 507 517
1781 506 517
1782 505 517
1783 504 517
1784 504 517
1785 504 517
1786 504 517
1787 504 517
1788 504 517
1789 504 517
1790 503 517
1791 503 517
1792 503 517
1793 503 517
1794 503 517
1795 503 517
1796 503 517
1797 503 517
1798 503 517
1799 502 517
1800 501 517
1801 501 517
1802 502 517
1803 501 517
1804 500 517
1805 500 517
1806 500 517
1807 499 517
1808 499 517
1809 499 517
1810 500 517
1811 500 517
1812 499 517
1813 499 517
1814 500 517
1815 501 517
1816 501 517
1817 500 517
1818 499 517
1819 498 517
1820 498 517
1821 498 517
1822 499 517
1823 499 517
1824 498 517
1825 498 517
1826 498 517
1827 500 517
1828 500 517
1829 500 517
1830 500 517
1831 500 517
1832 501 517
1833 501 517
1834 501 517
1835 501 517
1836 502 517
1837 502 517
1838 502 517
1839 502 517
1840 502 517
1841 503 517
1842 503 517
1843 503 517
1844 502 517
1845 501 517
1846 501 517
1847 501 517
1848 501 517
1849 500 517
1850 499 517
1851 499 517
1852 499 517
1853 498 517
1854 499 517
1855 501 517
1856 503 517
1857 503 517
1858 504 517
1859 504 517
1860 505 517
1861 504 517
1862 503 517
1863 502 517
1864 502 517
1865 502 517
1866 502 517
1867 502 517
1868 501 517
1869 501 517
1870 502 517
1871 503 517
1872 503 517
1873 503 517
1874 503 517
1875 503 517
1876 503 517
1877 504 517
1878 504 517
1879 505 517
1880 505 517
1881 505 517
1882 505 517
1883 505 517
1884 505 517
1885 507 517
1886 508 517
1887 507 517
1888 507 517
1889 506 517
1890 507 517
1891 508 517
1892 510 517
1893 510 517
1894 510 517
1895 510 517
1896 510 517
1897 510 517
1898 510 517
1899 510 517
1900 509 517
1901 510 517
1902 509 517
1903 509 517
1904 509 517
1905 510 517
1906 509 517
1907 509 517
1908 508 517
1909 507 517
1910 506 517
1911 505 517
1912 506 517
1913 505 517
1914 506 517
1915 505 517
1916 505 517
1917 505 517
1918 507 517
1919 507 517
1920 507 517
1921 507 517
1922 507 517
1923 506 517
1924 506 517
1925 506 517
1926 506 517
1927 505 517
1928 506 517
1929 507 517
1930 508 517
1931 508 517
1932 508 517
1933 508 517
1934 507 517
1935 508 517
1936 507 517
1937 507 517
1938 507 517
1939 507 517
1940 507 517
1941 508 517
1942 508 517
1943 510 517
1944 510 517
1945 510 517
1946 510 517
1947 510 517
1948 510 517
1949 509 517
1950 510 517
1951 510 517
1952 511 517
1953 512 517
1954 511 517
1955 512 517
1956 513 517
1957 512 517
1958 513 517
1959 513 517
1960 513 517
1961 512 517
1962 511 517
1963 510 517
1964 510 517
1965 509 517
1966 508 517
1967 509 517
1968 508 517
1969 510 517
1970 510 517
1971 509 517
1972 508 517
1973 507 517
1974 507 517
1975 507 517
1976 506 517
1977 507 517
1978 507 517
1979 507 517
1980 507 517
1981 507 517
1982 507 517
1983 506 517
1984 506 517
1985 506 517
1986 507 517
1987 507 517
1988 508 517
1989 508 517
1990 507 517
1991 506 517
1992 506 517
1993 505 517
1994 504 517
1995 503 517
1996 503 517
1997 502 517
1998 503 517
1999 502 517
2000 502 517
2001 501 517
2002 501 517
2003 500 517
2004 499 517
2005 499 517
2006 499 517
2007 500 517
2008 500 517
2009 500 517
2010 500 517
2011 501 517
2012 501 517
2013 500 517
2014 499 517
2015 498 517
2016 497 517
2017 497 517
2018 498 517
2019 499 517
2020 500 517
2021 501 517
2022 501 517
2023 502 517
2024 503 517
2025 503 517
2026 503 517
2027 505 517
2028 505 517
2029 505 517
2030 506 517
2031 506 517
2032 506 517
2033 508 517
2034 508 517
2035 508 517
2036 508 517
2037 508 517
2038 507 517
2039 508 517
2040 508 517
2041 509 517
2042 510 517
2043 512 517
2044 511 517
2045 510 517
2046 509 517
2047 508 517
2048 508 517
2049 507 517
2050 506 517
2051 507 517
2052 507 517
2053 506 517
2054 505 517
2055 505 517
2056 504 517
2057 503 517
2058 502 517
2059 502 517
2060 502 517
2061 501 517
2062 501 517
2063 501 517
2064 501 517
2065 502 517
2066 501 517
2067 500 517
2068 499 517
2069 499 517
2070 499 517
2071 499 517
2072 500 517
2073 500 517
2074 500 517
2075 500 517
2076 500 517
2077 500 517
2078 500 517
2079 500 517
2080 501 517
2081 503 517
2082 503 517
2083 504 517
2084 503 517
2085 504 517
2086 504 517
2087 505 517
2088 506 517
2089 505 517
2090 505 517
2091 505 517
2092 506 517
2093 506 517
2094 506 517
2095 505 517
2096 505 517
2097 506 517
2098 506 517
2099 507 517
2100 507 517
2101 506 517
2102 505 517
2103 505 517
2104 505 517
2105 506 517
2106 506 517
2107 506 517
2108 506 517
2109 506 517
2110 506 517
2111 506 517
2112 507 517
2113 507 517
2114 507 517
2115 507 517
2116 508 517
2117 509 517
2118 509 517
2119 510 517
2120 509 517
2121 509 517
2122 508 517
2123 507 517
2124 508 517
2125 507 517
2126 507 517
2127 508 517
2128 507 517
2129 506 517
2130 507 517
2131 507 517
2132 506 517
2133 505 517
2134 504 517
2135 504 517
2136 504 517
2137 504 517
2138 504 517
2139 503 517
2140 504 517
2141 503 517
2142 502 517
2143 502 517
2144 502 517
2145 501 517
2146 502 517
2147 501 517
2148 502 517
2149 502 517
2150 502 517
2151 501 517
2152 501 517
2153 502 517
2154 501 517
2155 502 517
2156 503 517
2157 503 517
2158 504 517
2159 505 517
2160 504 517
2161 503 517
2162 504 517
2163 504 517
2164 502 517
2165 502 517
2166 501 517
2167 501 517
2168 501 517
2169 501 517
2170 501 517
2171 500 517
2172 499 517
2173 499 517
2174 498 517
2175 498 517
2176 497 517
2177 496 517
2178 496 517
2179 496 517
2180 496 517
2181 496 517
2182 495 517
2183 494 517
2184 495 517
2185 495 517
2186 495 517
2187 495 517
2188 494 517
2189 493 517
2190 493 517
2191 493 517
2192 494 517
2193 494 517
2194 494 517
2195 494 517
2196 495 517
2197 495 517
2198 495 517
2199 495 517
2200 495 517
2201 495 517
2202 494 517
2203 495 517
2204 495 517
2205 496 517
2206 496 517
2207 495 517
2208 494 517
2209 495 517
2210 496 517
2211 497 517
2212 497 517
2213 496 517
2214 498 517
2215 499 517
2216 499 517
2217 499 517
2218 499 517
2219 499 517
2220 499 517
2221 498 517
2222 497 517
2223 498 517
2224 498 517
2225 498 517
2226 498 517
2227 498 517
2228 497 517
2229 497 517
2230 497 517
2231 497 517
2232 496 517
2233 496 517
2234 496 517
2235 496 517
2236 497 517
2237 498 517
2238 498 517
2239 498 517
2240 499 517
2241 501 517
2242 502 517
2243 503 517
2244 504 517
2245 504 517
2246 503 517
2247 502 517
2248 502 517
2249 501 517
2250 500 517
2251 499 517
2252 498 517
2253 497 517
2254 497 517
2255 497 517
2256 498 517
2257 498 517
2258 497 517
2259 497 517
2260 498 517
2261 498 517
2262 498 517
2263 498 517
2264 498 517
2265 499 517
2266 499 517
2267 500 517
2268 501 517
2269 501 517
2270 501 517
2271 502 517
2272 503 517
2273 502 517
2274 502 517
2275 501 517
2276 501 517
2277 501 517
2278 501 517
2279 501 517
2280 500 517
2281 499 517
2282 498 517
2283 498 517
2284 498 517
2285 498 517
2286 498 517
2287 498 517
2288 499 517
2289 499 517
2290 500 517
2291 500 517
2292 500 517
2293 500 517
2294 500 517
2295 501 517
2296 501 517
2297 501 517
2298 501 517
2299 501 517
2300 501 517
2301 501 517
2302 502 517
2303 503 517
2304 503 517
2305 502 517
2306 506 517
2307 506 517
2308 507 517
2309 507 517
2310 506 517
2311 505 517
2312 504 517
2313 505 517
2314 504 517
2315 503 517
2316 502 517
2317 502 517
2318 502 517
2319 501 517
2320 502 517
2321 503 517
2322 503 517
2323 503 517
2324 503 517
2325 503 517
2326 503 517
2327 503 517
2328 504 517
2329 505 517
2330 505 517
2331 505 517
2332 505 517
2333 505 517
2334 505 517
2335 505 517
2336 505 517
2337 506 517
2338 506 517
2339 507 517
2340 507 517
2341 506 517
2342 506 517
2343 505 517
2344 505 517
2345 506 517
2346 506 517
2347 506 517
2348 506 517
2349 505 517
2350 506 517
2351 505 517
2352 505 517
2353 505 517
2354 505 517
2355 506 517
2356 506 517
2357 505 517
2358 506 517
2359 506 517
2360 506 517
2361 506 517
2362 506 517
2363 506 517
2364 506 517
2365 505 517
2366 505 517
2367 505 517
2368 504 517
2369 504 517
2370 504 517
2371 505 517
2372 505 517
2373 505 517
2374 505 517
2375 506 517
2376 505 517
2377 506 517
2378 505 517
2379 506 517
2380 506 517
2381 505 517
2382 506 517
2383 506 517
2384 508 517
2385 508 517
2386 508 517
2387 508 517
2388 508 517
2389 508 517
2390 507 517
2391 506 517
2392 506 517
2393 505 517
2394 504 517
2395 503 517
2396 503 517
2397 504 517
2398 504 517
2399 504 517
2400 504 517
2401 506 517
2402 506 517
2403 505 517
2404 504 517
2405 503 517
2406 502 517
2407 502 517
2408 502 517
2409 501 517
2410 503 517
2411 503 517
2412 503 517
2413 502 517
2414 501 517
2415 500 517
2416 499 517
2417 498 517
2418 499 517
2419 500 517
2420 501 517
2421 500 517
2422 499 517
2423 499 517
2424 502 517
2425 502 517
2426 502 517
2427 502 517
2428 501 517
2429 501 517
2430 501 517
2431 502 517
2432 502 517
2433 503 517
2434 503 517
2435 503 517
2436 503 517
2437 504 517
2438 503 517
2439 504 517
2440 504 517
2441 503 517
2442 502 517
2443 502 517
2444 502 517
2445 504 517
2446 503 517
2447 502 517
2448 501 517
2449 500 517
2450 499 517
2451 498 517
2452 497 517
2453 497 517
2454 496 517
2455 495 517
2456 495 517
2457 495 517
2458 495 517
2459 494 517
2460 494 517
2461 494 517
2462 494 517
2463 494 517
2464 493 517
2465 494 517
2466 494 517
2467 494 517
2468 494 517
2469 494 517
2470 495 517
2471 496 517
2472 497 517
2473 498 517
2474 499 517
2475 500 517
2476 500 517
2477 500 517
2478 500 517
2479 502 517
2480 503 517
2481 504 517
2482 504 517
2483 504 517
2484 504 517
2485 504 517
2486 504 517
2487 503 517
2488 502 517
2489 503 517
2490 503 517
2491 503 517
2492 503 517
2493 502 517
2494 501 517
2495 501 517
2496 501 517
2497 501 517
2498 501 517
2499 502 517
2500 502 517
2501 502 517
2502 503 517
2503 504 517
2504 504 517
2505 504 517
2506 506 517
2507 506 517
2508 506 517
2509 505 517
2510 504 517
2511 503 517
2512 505 517
2513 506 517
2514 505 517
2515 505 517
2516 506 517
2517 507 517
2518 506 517
2519 505 517
2520 504 517
2521 503 517
2522 503 517
2523 504 517
2524 504 517
2525 505 517
2526 506 517
2527 507 517
2528 507 517
2529 507 517
2530 506 517
2531 505 517
2532 504 517
2533 504 517
2534 503 517
2535 502 517
2536 503 517
2537 502 517
2538 501 517
2539 500 517
2540 501 517
2541 502 517
2542 503 517
2543 503 517
2544 503 517
2545 504 517
2546 504 517
2547 503 517
2548 504 517
2549 504 517
2550 506 517
2551 505 517
2552 504 517
2553 504 517
2554 504 517
2555 504 517
2556 504 517
2557 504 517
2558 506 517
2559 507 517
2560 508 517
2561 509 517
2562 509 517
2563 509 517
2564 509 517
2565 509 517
2566 509 517
2567 509 517
2568 511 517
2569 512 517
2570 513 517
2571 513 517
2572 513 517
2573 513 517
2574 513 517
2575 514 517
2576 513 517
2577 512 517
2578 511 517
2579 511 517
2580 512 517
2581 512 517
2582 512 517
2583 512 517
2584 512 517
2585 511 517
2586 510 517
2587 509 517
2588 508 517
2589 507 517
2590 506 517
2591 505 517
2592 504 517
2593 504 517
2594 504 517
2595 504 517
2596 505 517
2597 505 517
2598 505 517
2599 506 517
2600 506 517
2601 506 517
2602 506 517
2603 506 517
2604 507 517
2605 509 517
2606 510 517
2607 510 517
2608 510 517
2609 509 517
2610 508 517
2611 507 517
2612 507 517
2613 506 517
2614 506 517
2615 505 517
2616 506 517
2617 506 517
2618 508 517
2619 508 517
2620 507 517
2621 508 517
2622 509 517
2623 509 517
2624 510 517
2625 511 517
2626 511 517
2627 511 517
2628 511 517
2629 511 517
2630 512 517
2631 511 517
2632 510 517
2633 509 517
2634 509 517
2635 509 517
2636 509 517
2637 510 517
2638 510 517
2639 510 517
2640 510 517
2641 509 517
2642 508 517
2643 507 517
2644 507 517
2645 507 517
2646 506 517
2647 507 517
2648 506 517
2649 506 517
2650 507 517
2651 506 517
2652 507 517
2653 507 517
2654 508 517
2655 508 517
2656 508 517
2657 507 517
2658 506 517
2659 505 517
2660 505 517
2661 504 517
2662 505 517
2663 504 517
2664 504 517
2665 504 517
2666 504 517
2667 505 517
2668 505 517
2669 505 517
2670 504 517
2671 503 517
2672 504 517
2673 504 517
2674 504 517
2675 504 517
2676 503 517
2677 503 517
2678 504 517
2679 504 517
2680 504 517
2681 504 517
2682 504 517
2683 503 517
2684 502 517
2685 501 517
2686 500 517
2687 499 517
2688 500 517
2689 499 517
2690 499 517
2691 499 517
2692 498 517
2693 499 517
2694 499 517
2695 498 517
2696 499 517
2697 499 517
2698 498 517
2699 498 517
2700 498 517
2701 500 517
2702 502 517
2703 503 517
2704 504 517
2705 505 517
2706 505 517
2707 505 517
2708 504 517
2709 503 517
2710 502 517
2711 503 517
2712 504 517
2713 503 517
2714 503 517
2715 502 517
2716 502 517
2717 502 517
2718 501 517
2719 500 517
2720 501 517
2721 501 517
2722 501 517
2723 502 517
2724 502 517
2725 504 517
2726 504 517
2727 504 517
2728 505 517
2729 506 517
2730 508 517
2731 507 517
2732 506 517
2733 506 517
2734 507 517
2735 507 517
2736 507 517
2737 508 517
2738 508 517
2739 508 517
2740 507 517
2741 506 517
2742 505 517
2743 504 517
2744 504 517
2745 505 517
2746 505 517
2747 506 517
2748 506 517
2749 506 517
2750 506 517
2751 506 517
2752 506 517
2753 505 517
2754 505 517
2755 504 517
2756 503 517
2757 502 517
2758 503 517
2759 503 517
2760 502 517
2761 503 517
2762 503 517
2763 504 517
2764 504 517
2765 504 517
2766 504 517
2767 503 517
2768 502 517
2769 502 517
2770 502 517
2771 501 517
2772 502 517
2773 503 517
2774 502 517
2775 501 517
2776 502 517
2777 501 517
2778 500 517
2779 500 517
2780 500 517
2781 500 517
2782 500 517
2783 500 517
2784 501 517
2785 501 517
2786 501 517
2787 501 517
2788 501 517
2789 504 517
2790 506 517
2791 508 517
2792 509 517
2793 510 517
2794 510 517
2795 509 517
2796 510 517
2797 510 517
2798 511 517
2799 510 517
2800 509 517
2801 508 517
2802 508 517
2803 507 517
2804 508 517
2805 507 517
2806 506 517
2807 507 517
2808 508 517
2809 508 517
2810 509 517
2811 509 517
2812 509 517
2813 509 517
2814 508 517
2815 509 517
2816 509 517
2817 509 517
2818 509 517
2819 508 517
2820 508 517
2821 507 517
2822 506 517
2823 505 517
2824 504 517
2825 504 517
2826 504 517
2827 503 517
2828 503 517
2829 503 517
2830 502 517
2831 502 517
2832 501 517
2833 501 517
2834 501 517
2835 501 517
2836 501 517
2837 501 517
2838 501 517
2839 501 517
2840 502 517
2841 502 517
2842 502 517
2843 503 517
2844 504 517
2845 505 517
2846 506 517
2847 506 517
2848 506 517
2849 506 517
2850 507 517
2851 507 517
2852 507 517
2853 507 517
2854 507 517
2855 507 517
2856 506 517
2857 506 517
2858 506 517
2859 505 517
2860 505 517
2861 504 517
2862 503 517
2863 502 517
2864 502 517
2865 502 517
2866 502 517
2867 501 517
2868 501 517
2869 500 517
2870 501 517
2871 501 517
2872 502 517
2873 502 517
2874 502 517
2875 502 517
2876 502 517
2877 502 517
2878 502 517
2879 502 517
2880 502 517
2881 502 517
2882 502 517
2883 502 517
2884 501 517
2885 501 517
2886 501 517
2887 501 517
2888 501 517
2889 501 517
2890 501 517
2891 502 517
2892 502 517
2893 502 517
2894 502 517
2895 502 517
2896 502 517
2897 504 517
2898 504 517
2899 505 517
2900 507 517
2901 507 517
2902 506 517
2903 505 517
2904 505 517
2905 505 517
2906 505 517
2907 505 517
2908 504 517
2909 504 517
2910 504 517
2911 503 517
2912 502 517
2913 502 517
2914 501 517
2915 501 517
2916 501 517
2917 501 517
2918 500 517
2919 499 517
2920 499 517
2921 498 517
2922 498 517
2923 498 517
2924 498 517
2925 498 517
2926 497 517
2927 496 517
2928 495 517
2929 495 517
2930 495 517
2931 497 517
2932 498 517
2933 498 517
2934 500 517
2935 502 517
2936 502 517
2937 502 517
2938 502 517
2939 502 517
2940 502 517
2941 503 517
2942 504 517
2943 504 517
2944 505 517
2945 505 517
2946 507 517
2947 507 517
2948 507 517
2949 508 517
2950 507 517
2951 507 517
2952 507 517
2953 507 517
2954 507 517
2955 508 517
2956 509 517
2957 509 517
2958 510 517
2959 510 517
2960 509 517
2961 509 517
2962 508 517
2963 507 517
2964 506 517
2965 506 517
2966 505 517
2967 505 517
2968 507 517
2969 507 517
2970 507 517
2971 507 517
2972 506 517
2973 506 517
2974 507 517
2975 506 517
2976 505 517
2977 506 517
2978 506 517
2979 505 517
2980 506 517
2981 506 517
2982 507 517
2983 508 517
2984 508 517
2985 507 517
2986 507 517
2987 506 517
2988 506 517
2989 505 517
2990 504 517
2991 503 517
2992 505 517
2993 505 517
2994 504 517
2995 504 517
2996 505 517
2997 505 517
2998 505 517
2999 504 517
3000 503 517
3001 503 517
3002 503 517
3003 502 517
3004 502 517
3005 502 517
3006 501 517
3007 501 517
3008 501 517
3009 501 517
3010 502 517
3011 502 517
3012 502 517
3013 502 517
3014 502 517
3015 502 517
3016 503 517
3017 504 517
3018 505 517
3019 505 517
3020 505 517
3021 506 517
3022 506 517
3023 508 517
3024 509 517
3025 509 517
3026 509 517
3027 509 517
3028 509 517
3029 508 517
3030 508 517
3031 507 517
3032 507 517
3033 506 517
3034 506 517
3035 506 517
3036 506 517
3037 507 517
3038 507 517
3039 507 517
3040 508 517
3041 508 517
3042 508 517
3043 507 517
3044 506 517
3045 506 517
3046 506 517
3047 507 517
3048 507 517
3049 507 517
3050 507 517
3051 507 517
3052 508 517
3053 509 517
3054 510 517
3055 511 517
3056 511 517
3057 511 517
3058 513 517
3059 513 517
3060 512 517
3061 512 517
3062 512 517
3063 513 517
3064 514 517
3065 514 517
3066 513 517
3067 513 517
3068 512 517
3069 511 517
3070 510 517
3071 510 517
3072 510 517
3073 509 517
3074 508 517
3075 508 517
3076 507 517
3077 506 517
3078 505 517
3079 504 517
3080 504 517
3081 503 517
3082 503 517
3083 502 517
3084 501 517
3085 502 517
3086 502 517
3087 501 517
3088 501 517
3089 502 517
3090 502 517
3091 502 517
3092 502 517
3093 502 517
3094 503 517
3095 503 517
3096 504 517
3097 506 517
3098 507 517
3099 508 517
3100 509 517
3101 508 517
3102 507 517
3103 506 517
3104 506 517
3105 505 517
3106 506 517
3107 506 517
3108 506 517
3109 506 517
3110 506 517
3111 506 517
3112 506 517
3113 506 517
3114 507 517
3115 509 517
3116 509 517
3117 508 517
3118 507 517
3119 506 517
3120 505 517
3121 505 517
3122 505 517
3123 505 517
3124 504 517
3125 503 517
3126 502 517
3127 501 517
3128 500 517
3129 499 517
3130 499 517
3131 499 517
3132 498 517
3133 497 517
3134 497 517
3135 497 517
3136 497 517
3137 499 517
3138 499 517
3139 502 517
3140 503 517
3141 502 517
3142 501 517
3143 500 517
3144 500 517
3145 499 517
3146 499 517
3147 500 517
3148 501 517
3149 501 517
3150 502 517
3151 501 517
3152 501 517
3153 502 517
3154 501 517
3155 501 517
3156 500 517
3157 499 517
3158 498 517
3159 498 517
3160 498 517
3161 498 517
3162 501 517
3163 503 517
3164 504 517
3165 504 517
3166 504 517
3167 504 517
3168 504 517
3169 504 517
3170 503 517
3171 503 517
3172 502 517
3173 502 517
3174 501 517
3175 501 517
3176 501 517
3177 500 517
3178 500 517
3179 499 517
3180 499 517
3181 499 517
3182 498 517
3183 498 517
3184 497 517
3185 497 517
3186 498 517
3187 498 517
3188 498 517
3189 498 517
3190 498 517
3191 498 517
3192 498 517
3193 498 517
3194 499 517
3195 500 517
3196 500 517
3197 500 517
3198 500 517
3199 499 517
3200 498 517
3201 498 517
3202 499 517
3203 499 517
3204 499 517
3205 499 517
3206 499 517
3207 499 517
3208 499 517
3209 499 517
3210 499 517
3211 499 517
3212 499 517
3213 499 517
3214 499 517
3215 499 517
3216 500 517
3217 501 517
3218 501 517
3219 502 517
3220 503 517
3221 503 517
3222 503 517
3223 504 517
3224 504 517
3225 503 517
3226 503 517
3227 502 517
3228 501 517
3229 500 517
3230 501 517
3231 500 517
3232 501 517
3233 501 517
3234 501 517
3235 503 517
3236 503 517
3237 504 517
3238 503 517
3239 504 517
3240 503 517
3241 502 517
3242 502 517
3243 503 517
3244 503 517
3245 503 517
3246 503 517
3247 503 517
3248 503 517
3249 504 517
3250 504 517
3251 504 517
3252 505 517
3253 504 517
3254 505 517
3255 506 517
3256 507 517
3257 507 517
3258 506 517
3259 507 517
3260 506 517
3261 505 517
3262 504 517
3263 503 517
3264 502 517
3265 501 517
3266 501 517
3267 502 517
3268 502 517
3269 502 517
3270 501 517
3271 501 517
3272 501 517
3273 502 517
3274 502 517
3275 502 517
3276 503 517
3277 504 517
3278 504 517
3279 503 517
3280 504 517
3281 504 517
3282 504 517
3283 504 517
3284 504 517
3285 505 517
3286 505 517
3287 504 517
3288 504 517
3289 504 517
3290 504 517
3291 503 517
3292 504 517
3293 504 517
3294 505 517
3295 505 517
3296 505 517
3297 505 517
3298 505 517
3299 507 517
3300 507 517
3301 508 517
3302 508 517
3303 509 517
3304 510 517
3305 511 517
3306 511 517
3307 512 517
3308 512 517
3309 512 517
3310 511 517
3311 511 517
3312 510 517
3313 511 517
3314 510 517
3315 510 517
3316 510 517
3317 512 517
3318 511 517
3319 510 517
3320 511 517
3321 510 517
3322 509 517
3323 508 517
3324 507 517
3325 507 517
3326 508 517
3327 508 517
3328 508 517
3329 507 517
3330 507 517
3331 508 517
3332 508 517
3333 507 517
3334 506 517
3335 506 517
3336 504 517
3337 504 517
3338 504 517
3339 505 517
3340 504 517
3341 504 517
3342 504 517
3343 505 517
3344 505 517
3345 505 517
3346 505 517
3347 506 517
3348 505 517
3349 506 517
3350 506 517
3351 505 517
3352 504 517
3353 504 517
3354 504 517
3355 503 517
3356 503 517
3357 505 517
3358 507 517
3359 507 517
3360 507 517
3361 507 517
3362 506 517
3363 507 517
3364 506 517
3365 507 517
3366 507 517
3367 507 517
3368 508 517
3369 509 517
3370 509 517
3371 509 517
3372 508 517
3373 509 517
3374 510 517
3375 510 517
3376 509 517
3377 509 517
3378 508 517
3379 507 517
3380 507 517
3381 507 517
3382 506 517
3383 505 517
3384 505 517
3385 504 517
3386 504 517
3387 505 517
3388 505 517
3389 505 517
3390 505 517
3391 505 517
3392 506 517
3393 505 517
3394 504 517
3395 505 517
3396 506 517
3397 506 517
3398 505 517
3399 506 517
3400 507 517
3401 506 517
3402 506 517
3403 506 517
3404 505 517
3405 505 517
3406 504 517
3407 503 517
3408 502 517
3409 503 517
3410 503 517
3411 502 517
3412 502 517
3413 501 517
3414 501 517
3415 500 517
3416 499 517
3417 498 517
3418 499 517
3419 500 517
3420 500 517
3421 503 517
3422 504 517
3423 504 517
3424 504 517
3425 503 517
3426 503 517
3427 504 517
3428 504 517
3429 503 517
3430 503 517
3431 503 517
3432 503 517
3433 503 517
3434 504 517
3435 504 517
3436 503 517
3437 502 517
3438 502 517
3439 502 517
3440 502 517
3441 503 517
3442 503 517
3443 503 517
3444 503 517
3445 503 517
3446 503 517
3447 503 517
3448 503 517
3449 503 517
3450 502 517
3451 502 517
3452 502 517
3453 502 517
3454 503 517
3455 504 517
3456 504 517
3457 503 517
3458 504 517
3459 504 517
3460 505 517
3461 506 517
3462 506 517
3463 507 517
3464 507 517
3465 506 517
3466 507 517
3467 506 517
3468 505 517
3469 506 517
3470 506 517
3471 505 517
3472 505 517
3473 506 517
3474 505 517
3475 505 517
3476 506 517
3477 505 517
3478 505 517
3479 504 517
3480 505 517
3481 504 517
3482 504 517
3483 503 517
3484 503 517
3485 504 517
3486 504 517
3487 505 517
3488 506 517
3489 506 517
3490 507 517
3491 507 517
3492 507 517
3493 506 517
3494 506 517
3495 505 517
3496 506 517
3497 506 517
3498 505 517
3499 504 517
3500 504 517
3501 503 517
3502 504 517
3503 503 517
3504 502 517
3505 503 517
3506 504 517
3507 504 517
3508 504 517
3509 503 517
3510 503 517
3511 502 517
3512 501 517
3513 500 517
3514 499 517
3515 501 517
3516 501 517
3517 500 517
3518 500 517
3519 500 517
3520 499 517
3521 500 517
3522 500 517
3523 500 517
3524 501 517
3525 502 517
3526 502 517
3527 503 517
3528 505 517
3529 505 517
3530 504 517
3531 503 517
3532 503 517
3533 504 517
3534 504 517
3535 503 517
3536 502 517
3537 502 517
3538 502 517
3539 502 517
3540 502 517
3541 502 517
3542 502 517
3543 503 517
3544 504 517
3545 504 517
3546 504 517
3547 504 517
3548 503 517
3549 504 517
3550 505 517
3551 505 517
3552 504 517
3553 504 517
3554 503 517
3555 504 517
3556 503 517
3557 502 517
3558 501 517
3559 501 517
3560 501 517
3561 501 517
3562 500 517
3563 501 517
3564 501 517
3565 501 517
3566 502 517
3567 502 517
3568 502 517
3569 502 517
3570 502 517
3571 502 517
3572 502 517
3573 503 517
3574 503 517
3575 502 517
3576 501 517
3577 500 517
3578 500 517
3579 499 517
3580 499 517
3581 499 517
3582 500 517
3583 500 517
3584 500 517
3585 500 517
3586 499 517
3587 499 517
3588 498 517
3589 498 517
3590 499 517
3591 499 517
3592 499 517
3593 501 517
3594 501 517
3595 502 517
3596 502 517
3597 502 517
3598 501 517
3599 501 517
3600 501 517
3601 502 517
3602 503 517
3603 502 517
3604 502 517
3605 503 517
3606 503 517
3607 504 517
3608 504 517
3609 504 517
3610 506 517
3611 506 517
3612 506 517
3613 506 517
3614 506 517
3615 505 517
3616 504 517
3617 504 517
3618 504 517
3619 503 517
3620 502 517
3621 502 517
3622 501 517
3623 500 517
3624 501 517
3625 502 517
3626 503 517
3627 503 517
3628 503 517
3629 504 517
3630 504 517
3631 505 517
3632 506 517
3633 507 517
3634 508 517
3635 507 517
3636 508 517
3637 509 517
3638 510 517
3639 510 517
3640 509 517
3641 508 517
3642 509 517
3643 509 517
3644 508 517
3645 508 517
3646 508 517
3647 507 517
3648 507 517
3649 507 517
3650 506 517
3651 506 517
3652 505 517
3653 505 517
3654 505 517
3655 505 517
3656 505 517
3657 504 517
3658 503 517
3659 504 517
3660 504 517
3661 505 517
3662 504 517
3663 504 517
3664 504 517
3665 503 517
3666 503 517
3667 502 517
3668 501 517
3669 501 517
3670 501 517
3671 501 517
3672 502 517
3673 502 517
3674 504 517
3675 504 517
3676 504 517
3677 506 517
3678 506 517
3679 506 517
3680 505 517
3681 504 517
3682 503 517
3683 503 517
3684 503 517
3685 503 517
3686 504 517
3687 503 517
3688 502 517
3689 501 517
3690 500 517
3691 500 517
3692 500 517
3693 501 517
3694 502 517
3695 502 517
3696 501 517
3697 500 517
3698 500 517
3699 500 517
3700 501 517
3701 502 517
3702 502 517
3703 502 517
3704 502 517
3705 502 517
3706 503 517
3707 503 517
3708 503 517
3709 503 517
3710 502 517
3711 502 517
3712 501 517
3713 500 517
3714 501 517
3715 502 517
3716 503 517
3717 505 517
3718 506 517
3719 506 517
3720 505 517
3721 505 517
3722 506 517
3723 506 517
3724 505 517
3725 506 517
3726 507 517
3727 508 517
3728 509 517
3729 510 517
3730 511 517
3731 510 517
3732 510 517
3733 510 517
3734 510 517
3735 511 517
3736 511 517
3737 511 517
3738 512 517
3739 513 517
3740 512 517
3741 511 517
3742 510 517
3743 509 517
3744 509 517
3745 508 517
3746 509 517
3747 508 517
3748 507 517
3749 507 517
3750 506 517
3751 506 517
3752 505 517
3753 504 517
3754 503 517
3755 505 517
3756 504 517
3757 504 517
3758 504 517
3759 503 517
3760 502 517
3761 501 517
3762 502 517
3763 502 517
3764 502 517
3765 501 517
3766 500 517
3767 500 517
3768 500 517
3769 499 517
3770 499 517
3771 502 517
3772 503 517
3773 503 517
3774 504 517
3775 505 517
3776 505 517
3777 506 517
3778 505 517
3779 504 517
3780 505 517
3781 505 517
3782 505 517
3783 504 517
3784 505 517
3785 505 517
3786 505 517
3787 505 517
3788 506 517
3789 506 517
3790 506 517
3791 505 517
3792 504 517
3793 504 517
3794 506 517
3795 506 517
3796 505 517
3797 505 517
3798 505 517
3799 506 517
3800 506 517
3801 506 517
3802 508 517
3803 508 517
3804 507 517
3805 507 517
3806 506 517
3807 506 517
3808 505 517
3809 504 517
3810 504 517
3811 505 517
3812 505 517
3813 505 517
3814 505 517
3815 504 517
3816 506 517
3817 507 517
3818 507 517
3819 507 517
3820 508 517
3821 507 517
3822 506 517
3823 505 517
3824 505 517
3825 505 517
3826 504 517
3827 503 517
3828 504 517
3829 504 517
3830 504 517
3831 504 517
3832 503 517
3833 503 517
3834 502 517
3835 501 517
3836 500 517
3837 499 517
3838 498 517
3839 497 517
3840 497 517
3841 496 517
3842 495 517
3843 495 517
3844 496 517
3845 496 517
3846 496 517
3847 495 517
3848 495 517
3849 495 517
3850 495 517
3851 495 517
3852 495 517
3853 495 517
3854 495 517
3855 495 517
3856 494 517
3857 493 517
3858 494 517
3859 495 517
3860 496 517
3861 497 517
3862 497 517
3863 497 517
3864 497 517
3865 497 517
3866 497 517
3867 499 517
3868 499 517
3869 499 517
3870 499 517
3871 499 517
3872 499 517
3873 498 517
3874 499 517
3875 499 517
3876 499 517
3877 499 517
3878 499 517
3879 499 517
3880 499 517
3881 499 517
3882 499 517
3883 499 517
3884 499 517
3885 499 517
3886 501 517
3887 503 517
3888 504 517
3889 504 517
3890 504 517
3891 504 517
3892 504 517
3893 503 517
3894 502 517
3895 501 517
3896 500 517
3897 501 517
3898 501 517
3899 500 517
3900 500 517
3901 500 517
3902 500 517
3903 499 517
3904 498 517
3905 499 517
3906 499 517
3907 499 517
3908 499 517
3909 498 517
3910 498 517
3911 498 517
3912 498 517
3913 499 517
3914 499 517
3915 499 517
3916 499 517
3917 500 517
3918 499 517
3919 499 517
3920 499 517
3921 499 517
3922 499 517
3923 500 517
3924 501 517
3925 503 517
3926 504 517
3927 504 517
3928 504 517
3929 503 517
3930 502 517
3931 502 517
3932 502 517
3933 503 517
3934 504 517
3935 505 517
3936 504 517
3937 504 517
3938 505 517
3939 504 517
3940 504 517
3941 504 517
3942 505 517
3943 505 517
3944 504 517
3945 503 517
3946 503 517
3947 503 517
3948 502 517
3949 502 517
3950 502 517
3951 503 517
3952 503 517
3953 503 517
3954 503 517
3955 503 517
3956 503 517
3957 502 517
3958 503 517
3959 504 517
3960 504 517
3961 505 517
3962 505 517
3963 505 517
3964 505 517
3965 504 517
3966 505 517
3967 506 517
3968 506 517
3969 507 517
3970 509 517
3971 510 517
3972 512 517
3973 512 517
3974 512 517
3975 512 517
3976 514 517
3977 514 517
3978 514 517
3979 514 517
3980 513 517
3981 513 517
3982 512 517
3983 512 517
3984 512 517
3985 511 517
3986 511 517
3987 510 517
3988 509 517
3989 509 517
3990 509 517
3991 508 517
3992 507 517
3993 507 517
3994 506 517
3995 505 517
3996 504 517
3997 506 517
3998 505 517
3999 504 517
4000 503 517
4001 502 517
4002 502 517
4003 502 517
4004 503 517
4005 503 517
4006 502 517
4007 502 517
4008 503 517
4009 504 517
4010 504 517
4011 504 517
4012 504 517
4013 504 517
4014 504 517
4015 504 517
4016 504 517
4017 504 517
4018 504 517
4019 504 517
4020 505 517
4021 506 517
4022 507 517
4023 508 517
4024 508 517
4025 507 517
4026 507 517
4027 506 517
4028 505 517
4029 505 517
4030 505 517
4031 504 517
4032 504 517
4033 504 517
4034 505 517
4035 504 517
4036 504 517
4037 504 517
4038 504 517
4039 504 517
4040 505 517
4041 504 517
4042 504 517
4043 503 517
4044 502 517
4045 502 517
4046 502 517
4047 502 517
4048 502 517
4049 502 517
4050 501 517
4051 502 517
4052 503 517
4053 503 517
4054 502 517
4055 503 517
4056 502 517
4057 501 517
4058 501 517
4059 500 517
4060 499 517
4061 499 517
4062 498 517
4063 497 517
4064 497 517
4065 497 517
4066 497 517
4067 497 517
4068 498 517
4069 498 517
4070 498 517
4071 498 517
4072 498 517
4073 499 517
4074 499 517
4075 499 517
4076 499 517
4077 500 517
4078 500 517
4079 500 517
4080 501 517
4081 502 517
4082 502 517
4083 502 517
4084 503 517
4085 502 517
4086 502 517
4087 503 517
4088 503 517
4089 503 517
4090 504 517
4091 503 517
4092 503 517
4093 502 517
4094 501 517
4095 502 517
4096 503 517
4097 502 517
4098 501 517
4099 501 517
4100 501 517
4101 500 517
4102 501 517
4103 501 517
4104 500 517
4105 499 517
4106 498 517
4107 498 517
4108 498 517
4109 497 517
4110 497 517
4111 498 517
4112 498 517
4113 498 517
4114 499 517
4115 499 517
4116 499 517
4117 499 517
4118 499 517
4119 499 517
4120 499 517
4121 499 517
4122 499 517
4123 502 517
4124 503 517
4125 504 517
4126 505 517
4127 506 517
4128 505 517
4129 504 517
4130 503 517
4131 502 517
4132 503 517
4133 504 517
4134 503 517
4135 504 517
4136 504 517
4137 503 517
4138 504 517
4139 504 517
4140 505 517
4141 505 517
4142 504 517
4143 504 517
4144 504 517
4145 505 517
4146 505 517
4147 505 517
4148 506 517
4149 506 517
4150 508 517
4151 509 517
4152 509 517
4153 509 517
4154 510 517
4155 509 517
4156 508 517
4157 509 517
4158 510 517
4159 510 517
4160 510 517
4161 509 517
4162 509 517
4163 509 517
4164 509 517
4165 509 517
4166 508 517
4167 509 517
4168 509 517
4169 508 517
4170 507 517
4171 507 517
4172 507 517
4173 507 517
4174 507 517
4175 508 517
4176 509 517
4177 510 517
4178 510 517
4179 510 517
4180 512 517
4181 513 517
4182 512 517
4183 512 517
4184 512 517
4185 513 517
4186 513 517
4187 514 517
4188 515 517
4189 515 517
4190 515 517
4191 515 517
4192 515 517
4193 514 517
4194 514 517
4195 514 517
4196 514 517
4197 513 517
4198 514 517
4199 514 517
4200 515 517
4201 514 517
4202 513 517
4203 513 517
4204 512 517
4205 511 517
4206 510 517
4207 510 517
4208 509 517
4209 508 517
4210 507 517
4211 509 517
4212 509 517
4213 508 517
4214 508 517
4215 507 517
4216 507 517
4217 506 517
4218 506 517
4219 506 517
4220 507 517
4221 506 517
4222 507 517
4223 507 517
4224 507 517
4225 507 517
4226 506 517
4227 505 517
4228 504 517
4229 505 517
4230 506 517
4231 505 517
4232 504 517
4233 504 517
4234 503 517
4235 503 517
4236 503 517
4237 502 517
4238 501 517
4239 500 517
4240 501 517
4241 500 517
4242 501 517
4243 501 517
4244 501 517
4245 500 517
4246 500 517
4247 501 517
4248 501 517
4249 502 517
4250 503 517
4251 503 517
4252 503 517
4253 502 517
4254 504 517
4255 504 517
4256 505 517
4257 505 517
4258 506 517
4259 505 517
4260 506 517
4261 506 517
4262 507 517
4263 507 517
4264 506 517
4265 506 517
4266 506 517
4267 505 517
4268 506 517
4269 507 517
4270 506 517
4271 505 517
4272 504 517
4273 503 517
4274 502 517
4275 501 517
4276 500 517
4277 500 517
4278 500 517
4279 500 517
4280 501 517
4281 502 517
4282 502 517
4283 501 517
4284 500 517
4285 500 517
4286 499 517
4287 499 517
4288 500 517
4289 500 517
4290 499 517
4291 500 517
4292 501 517
4293 501 517
4294 502 517
4295 503 517
4296 504 517
4297 504 517
4298 505 517
4299 505 517
4300 505 517
4301 504 517
4302 503 517
4303 502 517
4304 502 517
4305 503 517
4306 507 517
4307 507 517
4308 507 517
4309 508 517
4310 507 517
4311 506 517
4312 507 517
4313 508 517
4314 508 517
4315 509 517
4316 509 517
4317 509 517
4318 509 517
4319 508 517
4320 508 517
4321 508 517
4322 507 517
4323 507 517
4324 507 517
4325 507 517
4326 507 517
4327 506 517
4328 506 517
4329 505 517
4330 505 517
4331 505 517
4332 505 517
4333 505 517
4334 505 517
4335 507 517
4336 507 517
4337 507 517
4338 508 517
4339 509 517
4340 510 517
4341 510 517
4342 512 517
4343 513 517
4344 512 517
4345 511 517
4346 512 517
4347 511 517
4348 510 517
4349 509 517
4350 508 517
4351 507 517
4352 506 517
4353 506 517
4354 506 517
4355 505 517
4356 505 517
4357 505 517
4358 505 517
4359 505 517
4360 506 517
4361 507 517
4362 507 517
4363 509 517
4364 509 517
4365 509 517
4366 510 517
4367 510 517
4368 511 517
4369 512 517
4370 512 517
4371 512 517
4372 512 517
4373 512 517
4374 512 517
4375 512 517
4376 512 517
4377 511 517
4378 511 517
4379 511 517
4380 511 517
4381 511 517
4382 510 517
4383 509 517
4384 508 517
4385 507 517
4386 506 517
4387 505 517
4388 505 517
4389 505 517
4390 506 517
4391 506 517
4392 506 517
4393 506 517
4394 506 517
4395 506 517
4396 506 517
4397 508 517
4398 507 517
4399 506 517
4400 505 517
4401 505 517
4402 504 517
4403 504 517
4404 504 517
4405 504 517
4406 505 517
4407 506 517
4408 506 517
4409 507 517
4410 509 517
4411 509 517
4412 508 517
4413 507 517
4414 506 517
4415 506 517
4416 505 517
4417 505 517
4418 505 517
4419 504 517
4420 504 517
4421 504 517
4422 504 517
4423 505 517
4424 505 517
4425 505 517
4426 505 517
4427 505 517
4428 506 517
4429 506 517
4430 506 517
4431 506 517
4432 507 517
4433 507 517
4434 507 517
4435 507 517
4436 509 517
4437 510 517
4438 510 517
4439 509 517
4440 509 517
4441 509 517
4442 509 517
4443 508 517
4444 507 517
4445 506 517
4446 505 517
4447 505 517
4448 503 517
4449 501 517
4450 501 517
4451 501 517
4452 500 517
4453 500 517
4454 499 517
4455 498 517
4456 498 517
4457 498 517
4458 498 517
4459 498 517
4460 497 517
4461 497 517
4462 496 517
4463 496 517
4464 497 517
4465 498 517
4466 499 517
4467 500 517
4468 500 517
4469 500 517
4470 500 517
4471 500 517
4472 499 517
4473 498 517
4474 498 517
4475 499 517
4476 499 517
4477 498 517
4478 497 517
4479 497 517
4480 498 517
4481 498 517
4482 499 517
4483 502 517
4484 503 517
4485 503 517
4486 502 517
4487 502 517
4488 501 517
4489 500 517
4490 500 517
4491 500 517
4492 500 517
4493 501 517
4494 502 517
4495 503 517
4496 502 517
4497 502 517
4498 503 517
4499 502 517
4500 502 517
4501 502 517
4502 501 517
4503 500 517
4504 499 517
4505 499 517
4506 499 517
4507 500 517
4508 502 517
4509 503 517
4510 503 517
4511 503 517
4512 502 517
4513 501 517
4514 501 517
4515 500 517
4516 499 517
4517 499 517
4518 498 517
4519 498 517
4520 499 517
4521 499 517
4522 499 517
4523 499 517
4524 498 517
4525 499 517
4526 499 517
4527 498 517
4528 499 517
4529 499 517
4530 499 517
4531 499 517
4532 499 517
4533 499 517
4534 500 517
4535 500 517
4536 500 517
4537 500 517
4538 500 517
4539 500 517
4540 501 517
4541 502 517
4542 503 517
4543 503 517
4544 504 517
4545 504 517
4546 504 517
4547 504 517
4548 504 517
4549 505 517
4550 507 517
4551 508 517
4552 508 517
4553 508 517
4554 508 517
4555 509 517
4556 509 517
4557 508 517
4558 507 517
4559 506 517
4560 505 517
4561 504 517
4562 503 517
4563 502 517
4564 503 517
4565 502 517
4566 502 517
4567 502 517
4568 501 517
4569 501 517
4570 500 517
4571 501 517
4572 501 517
4573 501 517
4574 500 517
4575 499 517
4576 500 517
4577 502 517
4578 503 517
4579 504 517
4580 505 517
4581 505 517
4582 506 517
4583 507 517
4584 508 517
4585 508 517
4586 508 517
4587 509 517
4588 509 517
4589 509 517
4590 509 517
4591 510 517
4592 510 517
4593 510 517
4594 509 517
4595 510 517
4596 509 517
4597 508 517
4598 508 517
4599 508 517
4600 508 517
4601 508 517
4602 508 517
4603 507 517
4604 508 517
4605 509 517
4606 509 517
4607 509 517
4608 508 517
4609 509 517
4610 508 517
4611 507 517
4612 506 517
4613 506 517
4614 505 517
4615 505 517
4616 505 517
4617 506 517
4618 506 517
4619 506 517
4620 507 517
4621 506 517
4622 505 517
4623 504 517
4624 504 517
4625 504 517
4626 504 517
4627 504 517
4628 504 517
4629 505 517
4630 505 517
4631 506 517
4632 505 517
4633 505 517
4634 505 517
4635 504 517
4636 503 517
4637 502 517
4638 501 517
4639 500 517
4640 500 517
4641 499 517
4642 499 517
4643 499 517
4644 499 517
4645 499 517
4646 500 517
4647 500 517
4648 500 517
4649 499 517
4650 498 517
4651 498 517
4652 499 517
4653 498 517
4654 499 517
4655 498 517
4656 498 517
4657 499 517
4658 498 517
4659 498 517
4660 501 517
4661 501 517
4662 500 517
4663 499 517
4664 499 517
4665 499 517
4666 499 517
4667 499 517
4668 498 517
4669 499 517
4670 499 517
4671 499 517
4672 499 517
4673 498 517
4674 499 517
4675 499 517
4676 499 517
4677 499 517
4678 501 517
4679 502 517
4680 502 517
4681 502 517
4682 502 517
4683 501 517
4684 500 517
4685 501 517
4686 500 517
4687 499 517
4688 498 517
4689 498 517
4690 498 517
4691 498 517
4692 497 517
4693 496 517
4694 497 517
4695 497 517
4696 497 517
4697 497 517
4698 497 517
4699 497 517
4700 496 517
4701 495 517
4702 494 517
4703 494 517
4704 495 517
4705 496 517
4706 496 517
4707 496 517
4708 496 517
4709 496 517
4710 496 517
4711 496 517
4712 496 517
4713 499 517
4714 500 517
4715 500 517
4716 501 517
4717 501 517
4718 501 517
4719 501 517
4720 501 517
4721 500 517
4722 501 517
4723 501 517
4724 502 517
4725 502 517
4726 503 517
4727 504 517
4728 505 517
4729 506 517
4730 506 517
4731 506 517
4732 507 517
4733 507 517
4734 508 517
4735 507 517
4736 508 517
4737 507 517
4738 508 517
4739 508 517
4740 509 517
4741 510 517
4742 511 517
4743 511 517
4744 510 517
4745 511 517
4746 510 517
4747 509 517
4748 510 517
4749 511 517
4750 511 517
4751 511 517
4752 510 517
4753 511 517
4754 511 517
4755 512 517
4756 515 517
4757 517 517
4758 516 517
4759 515 517
4760 514 517
4761 513 517
4762 512 517
4763 512 517
4764 511 517
4765 512 517
4766 512 517
4767 512 517
4768 512 517
4769 513 517
4770 512 517
4771 511 517
4772 510 517
4773 510 517
4774 510 517
4775 510 517
4776 510 517
4777 509 517
4778 509 517
4779 509 517
4780 509 517
4781 509 517
4782 509 517
4783 510 517
4784 510 517
4785 510 517
4786 509 517
4787 508 517
4788 508 517
4789 508 517
4790 508 517
4791 508 517
4792 508 517
4793 507 517
4794 508 517
4795 507 517
4796 506 517
4797 505 517
4798 506 517
4799 506 517
4800 506 517
4801 506 517
4802 506 517
4803 505 517
4804 504 517
4805 504 517
4806 504 517
4807 503 517
4808 504 517
4809 503 517
4810 503 517
4811 503 517
4812 502 517
4813 502 517
4814 501 517
4815 500 517
4816 500 517
4817 499 517
4818 498 517
4819 497 517
4820 498 517
4821 497 517
4822 496 517
4823 495 517
4824 494 517
4825 494 517
4826 496 517
4827 496 517
4828 498 517
4829 498 517
4830 499 517
4831 500 517
4832 500 517
4833 500 517
4834 500 517
4835 500 517
4836 500 517
4837 500 517
4838 500 517
4839 500 517
4840 502 517
4841 502 517
4842 502 517
4843 503 517
4844 503 517
4845 502 517
4846 502 517
4847 502 517
4848 502 517
4849 501 517
4850 500 517
4851 499 517
4852 498 517
4853 497 517
4854 496 517
4855 496 517
4856 496 517
4857 497 517
4858 497 517
4859 497 517
4860 497 517
4861 497 517
4862 498 517
4863 498 517
4864 498 517
4865 498 517
4866 498 517
4867 497 517
4868 496 517
4869 495 517
4870 496 517
4871 496 517
4872 496 517
4873 496 517
4874 496 517
4875 497 517
4876 497 517
4877 497 517
4878 497 517
4879 497 517
4880 498 517
4881 499 517
4882 499 517
4883 501 517
4884 502 517
4885 502 517
4886 502 517
4887 502 517
4888 503 517
4889 504 517
4890 504 517
4891 504 517
4892 503 517
4893 502 517
4894 503 517
4895 502 517
4896 502 517
4897 502 517
4898 502 517
4899 502 517
4900 501 517
4901 501 517
4902 501 517
4903 502 517
4904 502 517
4905 502 517
4906 501 517
4907 502 517
4908 503 517
4909 502 517
4910 502 517
4911 502 517
4912 503 517
4913 503 517
4914 502 517
4915 501 517
4916 501 517
4917 500 517
4918 499 517
4919 499 517
4920 499 517
4921 499 517
4922 499 517
4923 500 517
4924 501 517
4925 501 517
4926 501 517
4927 501 517
4928 501 517
4929 501 517
4930 502 517
4931 502 517
4932 501 517
4933 501 517
4934 502 517
4935 503 517
4936 503 517
4937 503 517
4938 502 517
4939 503 517
4940 504 517
4941 504 517
4942 504 517
4943 505 517
4944 506 517
4945 505 517
4946 504 517
4947 505 517
4948 505 517
4949 505 517
4950 505 517
4951 505 517
4952 505 517
4953 506 517
4954 506 517
4955 506 517
4956 507 517
4957 508 517
4958 509 517
4959 510 517
4960 511 517
4961 510 517
4962 510 517
4963 511 517
4964 511 517
4965 510 517
4966 511 517
4967 510 517
4968 510 517
4969 510 517
4970 511 517
4971 512 517
4972 512 517
4973 514 517
4974 514 517
4975 515 517
4976 515 517
4977 516 517
4978 516 517
4979 516 517
4980 516 517
4981 515 517
4982 514 517
4983 514 517
4984 513 517
4985 514 517
4986 514 517
4987 513 517
4988 513 517
4989 512 517
4990 512 517
4991 512 517
4992 511 517
4993 510 517
4994 511 517
4995 511 517
4996 511 517
4997 510 517
4998 510 517
4999 510 517
5000 511 517
5001 511 517
